$ 1 0.000005 10.20027730826997 50 5 43 5e-11
R -112 144 -112 80 0 0 40 5 0 0 0.5
g 144 384 144 480 0 0
174 -64 192 48 224 1 1000 0.5 Resistance
174 -64 272 48 304 1 1000 0.9950000000000001 Resistance
w -112 144 -112 192 0
w -112 192 -64 192 0
w -64 272 -112 272 0
w -112 272 -112 192 0
w 64 272 144 272 0
w 144 272 144 384 0
w 64 192 144 192 0
w 144 192 144 272 0
a 224 272 368 272 8 15 -15 1000000 2.5 0.024999999999999467 100000
w 0 224 224 224 0
w 224 224 224 256 0
w 0 304 0 320 0
w 0 320 224 320 0
w 224 320 224 288 0
400 496 272 560 272 1 0\s-1\s-0.5833737421701559\s-0.7454673996516767\s100\sdefault 0\s-1\s0.16209365748152083\s-0.8647888382657172\s100\sdefault -1
r 416 272 480 272 0 4700
w 496 272 480 272 0
w 416 272 368 272 0
r 368 48 368 112 0 1000
w 368 240 368 272 0
162 560 336 560 416 2 default-led 1 0 0 0.01
w 560 144 560 256 0
w 560 288 560 336 0
w 256 144 -112 144 0
w 560 144 560 48 0
w 560 48 368 48 0
w 256 144 256 48 0
w 256 48 368 48 0
162 368 304 368 384 2 default-led 1 0 0 0.01
w 368 160 368 112 0
w 368 160 368 240 0
w 368 304 368 272 0
r 208 384 288 384 0 470
w 368 384 288 384 0
w 208 384 144 384 0
w 560 416 176 416 0
w 176 416 144 384 0
